53 1 1
56 13 1
57 10 1
58 10 1
58 11 1
58 12 1
59 1 1
59 2 2
59 9 1
59 11 1
60 2 4
60 8 1
61 4 1
61 8 1
61 10 2
61 11 2
61 12 1
61 13 1
62 1 1
62 2 2
62 8 2
62 9 1
63 1 3
63 2 2
63 8 2
63 10 2
63 11 1
63 13 1
64 1 3
64 2 2
64 7 2
64 8 1
64 9 1
64 10 2
64 11 3
65 1 1
65 2 2
65 6 1
65 9 2
65 10 1
65 11 1
65 16 1
65 18 1
66 1 6
66 2 2
66 3 2
66 7 1
66 8 1
66 10 2
66 11 2
66 12 1
67 1 6
67 2 4
67 7 1
67 8 3
67 9 4
67 10 3
67 11 5
67 12 1
67 13 1
67 14 2
67 19 2
68 1 7
68 2 6
68 7 1
68 8 1
68 9 1
68 10 2
68 11 3
68 13 4
69 1 5
69 2 5
69 5 1
69 6 1
69 8 4
69 9 4
69 10 5
69 11 10
69 13 2
69 15 1
69 16 1
69 18 1
69 19 1
70 1 8
70 2 3
70 3 1
70 6 2
70 8 7
70 9 2
70 10 4
70 11 14
70 13 5
70 14 1
70 16 4
70 19 2
