51 1 1
54 13 1
55 11 1
56 10 1
57 2 1
58 1 1
58 8 1
58 10 1
59 9 1
60 1 1
60 2 1
60 8 1
60 10 1
60 12 1
61 1 1
61 2 1
61 8 2
61 9 1
62 1 2
62 2 2
62 10 2
62 11 3
62 13 1
63 1 2
63 2 1
63 8 1
63 9 2
63 10 2
64 1 3
64 2 2
64 8 1
64 11 1
64 12 1
65 1 1
65 2 4
65 8 1
65 9 1
65 10 2
65 12 1
65 13 1
66 1 5
66 2 1
66 3 1
66 7 2
66 8 3
66 9 1
66 10 5
66 11 5
67 1 2
67 2 4
67 4 1
67 8 1
67 9 4
67 11 5
67 12 1
67 13 6
67 15 1
67 19 1
68 1 5
68 2 9
68 4 1
68 6 1
68 7 1
68 8 4
68 9 1
68 10 5
68 11 10
68 13 1
68 14 2
68 17 1
68 18 1
69 1 6
69 2 2
69 5 1
69 7 2
69 8 1
69 9 2
69 10 2
69 11 8
69 18 1
70 1 11
70 2 2
70 3 2
70 4 1
70 6 2
70 7 1
70 8 7
70 10 9
70 11 13
70 13 3
70 15 1
70 16 1
70 18 2
70 19 1
