1 1 0 247173.64102600003
1 2 0 36749.435897400006
1 3 0 4919.897435899999
1 4 0 17711.692307700003
1 5 0 13177.1282051
1 6 0 3800.69230769
1 7 0 18947.2307692
1 8 0 15692.641025600002
1 9 0 7037.48717948
1 10 0 15783.743589700001
1 11 0 45689.153846199995
1 12 0 31926.0769231
1 13 0 5427.82051282
1 14 0 9737.71794872
1 15 0 2420.61538462
1 16 0 9375.23076923
1 17 0 389.66666666699996
1 18 0 16109.641025600002
1 19 0 29829.769230799997
2 1 0 40189.7435898
2 2 0 136341.179487
2 3 0 3073.02564103
2 4 0 7979.82051282
2 5 0 6542.38461538
2 6 0 2070.69230769
2 7 0 6659.28205128
2 8 0 7283.48717949
2 9 0 2618.12820513
2 10 0 10205.1538462
2 11 0 15449.794871799999
2 12 0 11417.948718000001
2 13 0 4336.0
2 14 0 1479.74358974
2 15 0 1746.23076923
2 16 0 4034.56410256
2 17 0 302.641025641
2 18 0 7209.74358974
2 19 0 7836.51282051
3 1 0 5602.69230769
3 2 0 3095.84615385
3 3 0 19987.589743599998
3 4 0 4406.02564102
3 5 0 730.205128205
3 6 0 1310.48717949
3 7 0 1965.76923077
3 8 0 4680.61538461
3 9 0 2696.74358974
3 10 0 2457.79487179
3 11 0 2540.61538462
3 12 0 1676.41025641
3 13 0 3807.94871795
3 14 0 670.5128205130001
3 15 0 953.846153847
3 16 0 3046.8974359
3 17 0 590.897435898
3 18 0 2283.87179487
3 19 0 3240.56410256
4 1 0 18234.3333333
4 2 0 7847.20512821
4 3 0 4059.12820513
4 4 0 89667.41025639999
4 5 0 3311.56410256
4 6 0 4919.48717949
4 7 0 7749.33333333
4 8 0 10773.051282100001
4 9 0 2188.17948718
4 10 0 8842.33333333
4 11 0 9623.71794872
4 12 0 5248.30769231
4 13 0 3997.12820513
4 14 0 1391.56410256
4 15 0 2413.82051282
4 16 0 4669.74358974
4 17 0 255.23076923099998
4 18 0 9986.66666667
4 19 0 11110.692307700001
5 1 0 13244.820512799999
5 2 0 6373.56410257
5 3 0 827.666666667
5 4 0 3394.15384615
5 5 0 36902.256410300004
5 6 0 816.6666666660001
5 7 0 3000.46153846
5 8 0 2530.05128205
5 9 0 498.102564103
5 10 0 2873.58974359
5 11 0 8834.51282051
5 12 0 2345.30769231
5 13 0 908.0
5 14 0 412.538461539
5 15 0 796.794871795
5 16 0 1275.0
5 17 0 91.358974359
5 18 0 3186.07692308
5 19 0 4165.38461538
6 1 0 4202.23076923
6 2 0 1877.66666667
6 3 0 1379.87179487
6 4 0 5038.28205128
6 5 0 863.666666667
6 6 0 16700.2307692
6 7 0 1252.61538462
6 8 0 3797.23076923
6 9 0 1094.94871795
6 10 0 3894.51282051
6 11 0 2376.25641026
6 12 0 1270.74358974
6 13 0 1773.05128205
6 14 0 463.564102564
6 15 0 839.0
6 16 0 1979.05128205
6 17 0 146.307692308
6 18 0 3212.05128205
6 19 0 4426.43589744
7 1 0 20597.615384599998
7 2 0 6999.56410257
7 3 0 1914.8974359000001
7 4 0 8442.41025641
7 5 0 3294.69230769
7 6 0 1262.74358974
7 7 0 69718.12820510002
7 8 0 6271.94871795
7 9 0 1102.02564103
7 10 0 4626.41025641
7 11 0 9455.23076923
7 12 0 5033.02564103
7 13 0 1971.17948718
7 14 0 733.41025641
7 15 0 1241.71794872
7 16 0 2871.48717949
7 17 0 121.25641025600001
7 18 0 6639.102564100001
7 19 0 6013.20512821
8 1 0 15992.358974399998
8 2 0 7217.897435899999
8 3 0 4636.02564103
8 4 0 10285.1025641
8 5 0 2847.23076923
8 6 0 3988.05128205
8 7 0 5653.28205128
8 8 0 54013.794871800004
8 9 0 2274.74358974
8 10 0 7338.05128205
8 11 0 10472.2307692
8 12 0 4316.43589744
8 13 0 3464.05128205
8 14 0 1207.74358974
8 15 0 1498.30769231
8 16 0 5012.61538462
8 17 0 783.923076922
8 18 0 12248.692307700001
8 19 0 8682.28205128
9 1 0 7072.25641025
9 2 0 2424.43589744
9 3 0 2683.66666667
9 4 0 2151.56410256
9 5 0 520.128205128
9 6 0 1214.87179487
9 7 0 936.076923077
9 8 0 2311.87179487
9 9 0 13788.5641026
9 10 0 1804.94871795
9 11 0 1457.15384615
9 12 0 1205.25641026
9 13 0 2720.71794872
9 14 0 1488.38461538
9 15 0 512.333333333
9 16 0 1690.8974359000001
9 17 0 84.9230769231
9 18 0 1501.92307692
9 19 0 2186.46153846
10 1 0 17363.923076900002
10 2 0 9652.87179487
10 3 0 2333.2051281999998
10 4 0 8544.8974359
10 5 0 2918.02564102
10 6 0 3755.97435897
10 7 0 4651.15384615
10 8 0 7580.30769231
10 9 0 1748.97435897
10 10 0 73147.51282050001
10 11 0 12935.1538462
10 12 0 12382.282051299999
10 13 0 4443.71794872
10 14 0 902.948717949
10 15 0 1261.87179487
10 16 0 4373.20512821
10 17 0 247.743589743
10 18 0 7916.82051282
10 19 0 14579.333333300001
11 1 0 45652.3589744
11 2 0 15318.5384615
11 3 0 2329.64102564
11 4 0 9327.51282051
11 5 0 8475.46153846
11 6 0 2278.38461538
11 7 0 9313.84615384
11 8 0 10786.4615385
11 9 0 1678.94871795
11 10 0 12950.307692299999
11 11 0 93088.7179487
11 12 0 8336.71794872
11 13 0 2633.02564103
11 14 0 1607.25641026
11 15 0 1523.66666667
11 16 0 3848.66666667
11 17 0 473.48717948800004
11 18 0 10544.7692308
11 19 0 9819.92307692
12 1 0 33089.717948699996
12 2 0 11576.0
12 3 0 1637.66666667
12 4 0 5439.74358974
12 5 0 2375.97435897
12 6 0 1254.35897436
12 7 0 4659.25641026
12 8 0 4107.64102564
12 9 0 1111.41025641
12 10 0 12548.3846154
12 11 0 8735.25641026
12 12 0 88001.58974360001
12 13 0 1550.51282051
12 14 0 858.282051282
12 15 0 1031.1025641
12 16 0 2755.64102564
12 17 0 253.74358974400002
12 18 0 5359.23076923
12 19 0 10255.076923100001
13 1 0 5857.82051282
13 2 0 4250.48717949
13 3 0 3891.17948718
13 4 0 3997.71794872
13 5 0 736.666666667
13 6 0 1755.05128205
13 7 0 1927.53846154
13 8 0 3481.58974359
13 9 0 2659.43589744
13 10 0 4366.51282051
13 11 0 2792.17948718
13 12 0 1596.69230769
13 13 0 29060.0769231
13 14 0 1151.41025641
13 15 0 611.6410256409999
13 16 0 3059.53846154
13 17 0 385.153846154
13 18 0 2804.48717949
13 19 0 4800.53846154
14 1 0 10641.307692299999
14 2 0 1520.43589744
14 3 0 688.871794872
14 4 0 1246.05128205
14 5 0 467.743589744
14 6 0 447.256410256
14 7 0 703.2307692310001
14 8 0 1209.02564103
14 9 0 1451.05128205
14 10 0 965.282051282
14 11 0 1734.97435897
14 12 0 876.923076923
14 13 0 1136.76923077
14 14 0 10802.4102564
14 15 0 126.76923076899999
14 16 0 1294.94871795
14 17 0 259.871794872
14 18 0 899.5128205130001
14 19 0 1585.43589744
15 1 0 2536.02564102
15 2 0 1616.64102564
15 3 0 820.17948718
15 4 0 2257.94871795
15 5 0 700.384615384
15 6 0 715.615384616
15 7 0 1196.48717949
15 8 0 1398.71794872
15 9 0 444.12820512800005
15 10 0 1173.92307692
15 11 0 1376.7948718
15 12 0 947.461538461
15 13 0 628.3589743590001
15 14 0 123.28205128200001
15 15 0 6221.74358974
15 16 0 1446.51282051
15 17 0 71.8974358974
15 18 0 1787.79487179
15 19 0 1856.69230769
16 1 0 10358.205128200001
16 2 0 4090.30769231
16 3 0 2950.94871795
16 4 0 4713.66666667
16 5 0 1134.07692308
16 6 0 1810.71794872
16 7 0 2672.07692308
16 8 0 4877.15384615
16 9 0 1715.30769231
16 10 0 4561.58974359
16 11 0 3735.51282051
16 12 0 2832.7948718000002
16 13 0 2933.28205128
16 14 0 1288.12820513
16 15 0 1568.8974359000001
16 16 0 28384.2820513
16 17 0 250.0
16 18 0 3914.28205128
16 19 0 4213.23076923
17 1 0 410.102564103
17 2 0 306.0
17 3 0 558.794871795
17 4 0 247.43589743599998
17 5 0 83.7692307692
17 6 0 125.948717949
17 7 0 99.58974358969999
17 8 0 769.41025641
17 9 0 84.9999999999
17 10 0 256.512820513
17 11 0 445.12820512800005
17 12 0 313.923076923
17 13 0 393.92307692300005
17 14 0 242.282051282
17 15 0 66.7179487179
17 16 0 222.743589743
17 17 0 671.538461538
17 18 0 189.66666666700002
17 19 0 369.205128205
18 1 0 16078.794871799999
18 2 0 6818.94871795
18 3 0 2368.56410257
18 4 0 9584.25641026
18 5 0 2971.0
18 6 0 3041.92307692
18 7 0 6331.97435897
18 8 0 11927.1538462
18 9 0 1629.41025641
18 10 0 7820.46153846
18 11 0 10795.692307700001
18 12 0 5252.07692308
18 13 0 2773.61538461
18 14 0 943.564102564
18 15 0 2005.23076923
18 16 0 4089.87179487
18 17 0 186.871794872
18 18 0 73896.1538461
18 19 0 9413.84615385
19 1 0 31270.7948718
19 2 0 7067.0
19 3 0 3087.46153846
19 4 0 11199.3333333
19 5 0 4030.69230769
19 6 0 4288.38461538
19 7 0 5621.87179487
19 8 0 9081.82051282
19 9 0 2222.15384615
19 10 0 14972.7692308
19 11 0 10242.948717899999
19 12 0 9503.43589743
19 13 0 4900.87179487
19 14 0 1597.71794872
19 15 0 1984.56410256
19 16 0 4673.46153846
19 17 0 381.0
19 18 0 9756.28205128
19 19 0 63926.820512800005
