54 1 1
54 10 1
54 13 1
56 13 1
58 1 1
58 10 1
59 10 2
59 8 2
60 2 1
60 11 1
61 11 1
61 8 2
61 9 1
61 10 1
61 7 1
62 9 1
62 11 3
62 1 5
63 12 1
63 7 1
63 18 1
63 2 2
63 13 1
63 12 1
63 12 1
63 1 1
63 1 1
64 2 2
64 1 7
64 2 1
64 11 4
64 13 2
64 13 3
64 11 1
65 13 4
65 10 1
65 10 1
65 9 1
65 1 3
65 5 1
65 14 1
66 9 2
66 16 1
66 7 1
66 1 15
66 2 3
66 11 1
67 15 3
67 13 1
67 7 3
67 19 1
67 10 10
67 2 6
67 2 5
67 4 1
67 14 1
67 8 2
68 7 1
68 9 1
68 15 1
68 11 8
68 6 1
68 3 1
68 2 4
68 10 2
68 8 2
68 14 1
69 11 5
69 10 7
69 1 4
69 10 7
69 8 6
69 7 1
69 6 4
69 2 6
69 1 15
69 6 1
69 13 1
69 10 7
69 11 8
69 7 2
69 1 6
70 12 1
70 9 5
70 8 8
70 15 1
70 16 3
70 10 7
70 14 1
70 2 2
70 18 1
70 12 2
